energy low [eV],energy high [eV],energy mid [eV],mean,std. dev.
0.001,0.001023272492683618,0.0010116362463418091,0.0,0.0
0.001023272492683618,0.0010470865942829462,0.001035179543483282,0.0,0.0
0.0010470865942829462,0.0010714549093875107,0.0010592707518352284,0.0,0.0
0.0010714549093875107,0.0010963903359270583,0.0010839226226572844,0.0,0.0
0.0010963903359270583,0.0011219060719983103,0.0011091482039626843,0.0,0.0
0.0011219060719983103,0.0011480156228505988,0.0011349608474244546,0.0,0.0
0.0011480156228505988,0.0011747328080340689,0.0011613742154423339,0.0,0.0
0.0011747328080340689,0.0012020717687142477,0.0011884022883741582,0.0,0.0
0.0012020717687142477,0.001230046975156834,0.0012160593719355408,0.0,0.0
0.001230046975156834,0.0012586732343866792,0.0012443601047717567,0.0,0.0
0.0012586732343866792,0.0012879656980250092,0.001273319466205844,0.0,0.0
0.0012879656980250092,0.0013179398703090472,0.0013029527841670282,0.0,0.0
0.0013179398703090472,0.0013486116162982633,0.0013332757433036553,0.0,0.0
0.0013486116162982633,0.0013799971702716082,0.0013643043932849356,0.0,0.0
0.0013799971702716082,0.001412113144320168,0.0013960551572958881,0.0,0.0
0.001412113144320168,0.0014449765371398,0.001428544840729984,0.0,0.0
0.0014449765371398,0.0014786047430283874,0.0014617906400840937,0.0,0.0
0.0014786047430283874,0.0015130155610924786,0.001495810152060433,0.0,0.0
0.0015130155610924786,0.0015482272046682035,0.001530621382880341,0.0,0.0
0.0015482272046682035,0.001584258310961423,0.0015662427578148133,0.0,0.0
0.001584258310961423,0.0016211279509122354,0.0016026931309368292,0.0,0.0
0.0016211279509122354,0.0016588556392890493,0.0016399917951006424,0.0,0.0
0.0016588556392890493,0.0016974613450175821,0.0016781584921533158,0.0,0.0
0.0016974613450175821,0.0017369655017502284,0.0017172134233839052,0.0,0.0
0.0017369655017502284,0.0017773890186814094,0.001757177260215819,0.0,0.0
0.0017773890186814094,0.0018187532916146157,0.0017980711551480125,0.0,0.0
0.0018187532916146157,0.0018610802142870232,0.0018399167529508193,0.0,0.0
0.0018610802142870232,0.0019043921899576464,0.0018827362021223348,0.0,0.0
0.0019043921899576464,0.0019487121432651751,0.0019265521666114106,0.0,0.0
0.0019487121432651751,0.0019940635323617917,0.0019713878378134833,0.0,0.0
0.0019940635323617917,0.002040470361329351,0.0020172669468455713,0.0,0.0
0.002040470361329351,0.00208795719288453,0.0020642137771069405,0.0,0.0
0.00208795719288453,0.0021365491613796433,0.0021122531771320865,0.0,0.0
0.0021365491613796433,0.0021862719861060415,0.002161410573742842,0.0,0.0
0.0021862719861060415,0.0022371519849070935,0.0022117119855065677,0.0,0.0
0.0022371519849070935,0.0022892160881079877,0.0022631840365075406,0.0,0.0
0.0022892160881079877,0.0023424918527697016,0.0023158539704388444,0.0,0.0
0.0023424918527697016,0.00239700747727472,0.002369749665022211,0.0,0.0
0.00239700747727472,0.002452791816252176,0.002424899646763448,0.0,0.0
0.002452791816252176,0.002509874395850343,0.0024813331060512594,0.0,0.0
0.002509874395850343,0.0025682854293645704,0.0025390799126074567,0.0,0.0
0.0025682854293645704,0.0026280558332289006,0.0025981706312967357,0.0,0.0
0.0026280558332289006,0.0026892172433798625,0.002658636538304382,0.0,0.0
0.0026892172433798625,0.00275180203200108,0.002720509637690471,0.0,0.0
0.00275180203200108,0.0028158433246575905,0.0027838226783293354,0.0,0.0
0.0028158433246575905,0.002881375017828899,0.0028486091712432446,0.0,0.0
0.002881375017828899,0.0029484317968500855,0.0029149034073394924,0.0,0.0
0.0029484317968500855,0.003017049154270426,0.0029827404755602555,0.0,0.0
0.003017049154270426,0.0030872634086393006,0.003052156281454863,0.0,0.0
0.0030872634086393006,0.003159111723729264,0.003123187566184282,0.0,0.0
0.003159111723729264,0.0032326321282064854,0.0031958719259678747,0.0,0.0
0.0032326321282064854,0.0033078635357589995,0.0032702478319827427,0.0,0.0
0.0033078635357589995,0.003384845765693358,0.003346354650726179,0.0,0.0
0.003384845765693358,0.0034636195640106323,0.003424232664851995,0.0,0.0
0.0034636195640106323,0.00354422662497291,0.003503923094491771,0.0,0.0
0.00354422662497291,0.0036267096131716763,0.0035854681190722933,0.0,0.0
0.0036267096131716763,0.0037111121861098215,0.003668910899640749,0.0,0.0
0.0037111121861098215,0.0037974790173091522,0.003754295601709487,0.0,0.0
0.0037974790173091522,0.003885855819955673,0.0038416674186324126,0.0,0.0
0.003885855819955673,0.003976289371095186,0.003931072595525429,0.0,0.0
0.003976289371095186,0.004068827536391951,0.004022558453743569,0.0,0.0
0.004068827536391951,0.0041635192954635365,0.004116173415927744,0.0,0.0
0.0041635192954635365,0.004260414767805315,0.004211967031634426,0.0,0.0
0.004260414767805315,0.0043595652393182424,0.004309990003561779,0.0,0.0
0.0043595652393182424,0.004461023189454032,0.004410294214386138,0.0,0.0
0.004461023189454032,0.004564842318992056,0.004512932754223044,0.0,0.0
0.004564842318992056,0.004671077578462669,0.004617959948727363,0.0,0.0
0.004671077578462669,0.004779785197232054,0.004725431387847362,0.0,0.0
0.004779785197232054,0.004891022713263908,0.004835403955247982,0.0,0.0
0.004891022713263908,0.005004849003573753,0.0049479358584188305,0.0,0.0
0.005004849003573753,0.005121324315392036,0.005063086659482895,0.0,0.0
0.005121324315392036,0.005240510298052438,0.005180917306722237,0.0,0.0
0.005240510298052438,0.005362470035622289,0.005301490166837364,0.0,0.0
0.005362470035622289,0.00548726808029243,0.00542486905795736,0.0,0.0
0.00548726808029243,0.005614970486544087,0.005551119283418258,0.0,0.0
0.005614970486544087,0.005745644846110915,0.005680307666327501,0.0,0.0
0.005745644846110915,0.0058793603237547055,0.00581250258493281,0.0,0.0
0.0058793603237547055,0.006016187693873642,0.005947774008814174,0.0,0.0
0.006016187693873642,0.006156199377962589,0.006086193535918116,0.0,0.0
0.006156199377962589,0.006299469482945124,0.006227834430453856,0.0,0.0
0.006299469482945124,0.0064460738403976404,0.006372771661671382,0.0,0.0
0.0064460738403976404,0.006596090046686356,0.006521081943541998,0.0,0.0
0.006596090046686356,0.0067495975040383505,0.006672843775362354,0.0,0.0
0.0067495975040383505,0.0069066774625684575,0.006828137483303404,0.0,0.0
0.0069066774625684575,0.007067413063284192,0.006987045262926325,0.0,0.0
0.007067413063284192,0.00723188938209158,0.007149651222687885,0.0,0.0
0.00723188938209158,0.0074001934748250415,0.007316041428458311,0.0,0.0
0.0074001934748250415,0.007572414423325274,0.007486303949075158,0.0,0.0
0.007572414423325274,0.007748643382589435,0.0076605289029573545,0.0,0.0
0.007748643382589435,0.007928973629018714,0.007838808505804075,0.0,0.0
0.007928973629018714,0.008113500609788661,0.008021237119403689,0.0,0.0
0.008113500609788661,0.008302321993368498,0.00820791130157858,0.0,0.0
0.008302321993368498,0.00849553772121621,0.008398929857292355,0.0,0.0
0.00849553772121621,0.008693250060676614,0.008594393890946413,0.0,0.0
0.008693250060676614,0.008895563659110574,0.008794406859893595,0.0,0.0
0.008895563659110574,0.009102585599283893,0.008999074629197234,0.0,0.0
0.009102585599283893,0.009314425456045234,0.009208505527664564,0.0,0.0
0.009314425456045234,0.009531195354323153,0.009422810405184194,0.0,0.0
0.009531195354323153,0.009753010028472784,0.00964210269139797,0.0,0.0
0.009753010028472784,0.00997998688300367,0.009866498455738226,0.0,0.0
0.00997998688300367,0.010212246054720979,0.010096116468862324,0.0,0.0
0.010212246054720979,0.010449910476312786,0.010331078265516883,0.0,0.0
0.010449910476312786,0.010693105941417244,0.010571508208865016,0.0,0.0
0.010693105941417244,0.01094196117120403,0.010817533556310637,0.0,0.0
0.01094196117120403,0.011196607882505314,0.011069284526854673,0.0,0.0
0.011196607882505314,0.011457180857532261,0.011326894370018787,0.0,0.0
0.011457180857532261,0.011723818015214075,0.011590499436373167,0.0,0.0
0.011723818015214075,0.011996660484197215,0.011860239249705645,0.0,0.0
0.011996660484197215,0.012275852677543551,0.012136256580870383,0.0,0.0
0.012275852677543551,0.012561542369166857,0.012418697523355204,0.0,0.0
0.012561542369166857,0.012853880772048258,0.012707711570607558,0.0,0.0
0.012853880772048258,0.01315302261827185,0.013003451695160054,0.0,0.0
0.01315302261827185,0.013459126240923052,0.013306074429597452,0.0,0.0
0.013459126240923052,0.013772353657892826,0.01361573994940794,0.0,0.0
0.013772353657892826,0.014092870657632347,0.013932612157762586,0.0,0.0
0.014092870657632347,0.014420846886903278,0.014256858772267813,0.0,0.0
0.014420846886903278,0.014756455940570313,0.014588651413736796,0.0,0.0
0.014756455940570313,0.015099875453483375,0.014928165697026843,0.0,0.0
0.015099875453483375,0.015451287194498111,0.015275581323990744,0.0,0.0
0.015451287194498111,0.015810877162684558,0.015631082178591334,0.0,0.0
0.015810877162684558,0.01617883568577472,0.01599485642422964,0.0,0.0
0.01617883568577472,0.01655535752090138,0.01636709660333805,0.0,0.0
0.01655535752090138,0.01694064195768124,0.016747999739291308,0.0,0.0
0.01694064195768124,0.01733489292369718,0.01713776744068921,0.0,0.0
0.01733489292369718,0.017738319092435225,0.017536606008066204,0.0,0.0
0.017738319092435225,0.018151133993733616,0.01794472654308442,0.0,0.0
0.018151133993733616,0.018573556126802154,0.018362345060267883,0.0,0.0
0.018573556126802154,0.019005809075871936,0.018789682601337045,0.0,0.0
0.019005809075871936,0.019448121628536416,0.019226965352204174,0.0,0.0
0.019448121628536416,0.019900727896846646,0.01967442476269153,0.0,0.0
0.019900727896846646,0.020363867441224696,0.02013229766903567,0.0,0.0
0.020363867441224696,0.020837785397260767,0.020600826419242733,0.0,0.0
0.020837785397260767,0.02132273260546133,0.021080259001361047,0.0,0.0
0.02132273260546133,0.021818965744016674,0.021570849174739004,0.0,0.0
0.021818965744016674,0.022326747464658427,0.02207285660433755,0.0,0.0
0.022326747464658427,0.02284634653167868,0.022586546998168554,0.0,0.0
0.02284634653167868,0.023378037964184587,0.023112192247931634,0.0,0.0
0.023378037964184587,0.02392210318166342,0.023650070572924002,0.0,0.0
0.02392210318166342,0.024478830152935453,0.024200466667299435,0.0,0.0
0.024478830152935453,0.025048513548573174,0.024763671850754315,0.0,0.0
0.025048513548573174,0.025631454896867863,0.02533998422272052,0.0,0.0
0.025631454896867863,0.02622796274342572,0.025929708820146793,0.0,0.0
0.02622796274342572,0.026838352814478304,0.026533157778952012,0.0,0.0
0.026838352814478304,0.027462948183993627,0.027150650499235963,0.0,0.0
0.027462948183993627,0.0281020794446762,0.027782513814334914,0.0,0.0
0.0281020794446762,0.028756084882946897,0.02842908216381155,0.0,0.0
0.028756084882946897,0.02942531065799478,0.02909069777047084,0.0,0.0
0.02942531065799478,0.03011011098499617,0.029767710821495475,0.0,0.0
0.03011011098499617,0.030810848322597423,0.030460479653796797,0.0,0.0
0.030810848322597423,0.031527893564761156,0.03116937094367929,0.0,0.0
0.031527893564761156,0.03226162623707695,0.031894759900919056,0.0,0.0
0.03226162623707695,0.03301243469764096,0.032637030467358955,0.0,0.0
0.03301243469764096,0.03378071634261023,0.03339657552012559,0.0,0.0
0.03378071634261023,0.03456687781654102,0.03417379707957562,0.0,0.0
0.03456687781654102,0.03537133522762201,0.03496910652208152,0.0,0.0
0.03537133522762201,0.036194514367916646,0.03578292479776933,0.0,0.0
0.036194514367916646,0.03703685093873112,0.03661568265332388,0.0,0.0
0.03703685093873112,0.03789879078122699,0.03746782085997905,0.0,0.0
0.03789879078122699,0.03878079011240109,0.03833979044681404,0.0,0.0
0.03878079011240109,0.03968331576655687,0.039232052939478984,0.0,0.0
0.03968331576655687,0.040606845442395796,0.04014508060447633,0.0,0.0
0.040606845442395796,0.04155186795585876,0.04107935669912728,0.0,0.0
0.04155186795585876,0.04251888349885217,0.04203537572735547,0.0,0.0
0.04251888349885217,0.04350840390399482,0.04301364370142349,0.0,0.0
0.04350840390399482,0.04452095291552646,0.044014678409760644,0.0,0.0
0.04452095291552646,0.04555706646652076,0.04503900969102361,0.0,0.0
0.04555706646652076,0.04661729296254999,0.046087179714535374,0.0,0.0
0.04661729296254999,0.04770219357195104,0.04715974326725052,0.0,0.0
0.04770219357195104,0.0488123425228468,0.048257268047398924,0.0,0.0
0.0488123425228468,0.049948327407080044,0.04938033496496343,0.0,0.0
0.049948327407080044,0.05111074949122028,0.05052953844915016,0.0,0.0
0.05111074949122028,0.05230022403480896,0.05170548676301462,0.0,0.0
0.05230022403480896,0.05351738061601064,0.0529088023254098,0.0,0.0
0.05351738061601064,0.05476286346484318,0.05414012204042691,0.0,0.0
0.05476286346484318,0.056037331804162725,0.05540009763450295,0.0,0.0
0.056037331804162725,0.05734146019858461,0.05668939600137367,0.0,0.0
0.05734146019858461,0.058675938911524145,0.058008699555054374,0.0,0.0
0.058675938911524145,0.06004147427054705,0.05935870659103559,0.0,0.0
0.06004147427054705,0.061438789041222,0.06074013165588452,0.0,0.0
0.061438789041222,0.06286862280967423,0.06215370592544811,0.0,0.0
0.06286862280967423,0.06433173237404155,0.06360017759185789,0.0,0.0
0.06433173237404155,0.06582889214504091,0.06508031225954122,0.0,0.0
0.06582889214504091,0.06736089455585709,0.06659489335044899,0.0,0.0
0.06736089455585709,0.06892855048157025,0.06814472251871367,0.0,0.0
0.06892855048157025,0.07053268966834503,0.06973062007495764,0.0,0.0
0.07053268966834503,0.07217416117260748,0.07135342542047626,0.0,0.0
0.07217416117260748,0.0738538338104433,0.0730139974915254,0.0,0.0
0.0738538338104433,0.075572596617454,0.07471321521394865,0.0,0.0
0.075572596617454,0.07733135931931576,0.07645197796838488,0.0,0.0
0.07733135931931576,0.07913105281328878,0.07823120606630227,0.0,0.0
0.07913105281328878,0.08097262966093308,0.08005184123711093,0.0,0.0
0.08097262966093308,0.0828570645922905,0.08191484712661179,0.0,0.0
0.0828570645922905,0.08478535502180065,0.08382120980704558,0.0,0.0
0.08478535502180065,0.08675852157622352,0.08577193829901208,0.0,0.0
0.08675852157622352,0.08877760863484771,0.08776806510553561,0.0,0.0
0.08877760863484771,0.09084368488227136,0.08981064675855954,0.0,0.0
0.09084368488227136,0.09295784387404693,0.09190076437815914,0.0,0.0
0.09295784387404693,0.09512120461549065,0.09403952424476879,0.0,0.0
0.09512120461549065,0.09733491215396159,0.09622805838472612,0.0,0.0
0.09733491215396159,0.09960013818492532,0.09846752516944346,0.0,0.0
0.09960013818492532,0.10191808167212135,0.10075910992852333,0.0,0.0
0.10191808167212135,0.10428996948216418,0.10310402557714277,0.0,0.0
0.10428996948216418,0.10671705703391271,0.10550351325803844,0.0,0.0
0.10671705703391271,0.1092006289629517,0.1079588429984322,0.0,0.0
0.1092006289629517,0.11174199980153848,0.11047131438224508,0.0,0.0
0.11174199980153848,0.11434251467437277,0.11304225723795563,0.0,0.0
0.11434251467437277,0.11700355001055861,0.11567303234246569,0.0,0.0
0.11700355001055861,0.11972651427213667,0.11836503214134764,0.0,0.0
0.11972651427213667,0.12251284869957008,0.12111968148585336,0.0,0.0
0.12251284869957008,0.12536402807458016,0.12393843838707512,0.0,0.0
0.12536402807458016,0.12828156150073472,0.12682279478765746,0.0,0.0
0.12828156150073472,0.13126699320220367,0.12977427735146918,0.0,0.0
0.13126699320220367,0.1343219033411025,0.1327944482716531,0.0,0.0
0.1343219033411025,0.1374479088538581,0.1358849060974803,0.0,0.0
0.1374479088538581,0.14064666430703812,0.13904728658044813,0.0,0.0
0.14064666430703812,0.14391986277309896,0.14228326354006854,0.0,0.0
0.14391986277309896,0.14726923672651324,0.1455945497498061,0.0,0.0
0.14726923672651324,0.15069655896075318,0.14898289784363322,0.0,0.0
0.15069655896075318,0.15420364352661373,0.15245010124368347,0.0,0.0
0.15420364352661373,0.1577923466923741,0.15599799510949391,0.0,0.0
0.1577923466923741,0.16146456792630348,0.15962845730933878,0.0,0.0
0.16146456792630348,0.16522225090203194,0.1633434094141677,0.0,0.0
0.16522225090203194,0.1690673845273204,0.16714481771467615,0.0,0.0
0.1690673845273204,0.1730020039967709,0.17103469426204565,0.0,0.0
0.1730020039967709,0.1770281918690372,0.17501509793290404,0.0,0.0
0.1770281918690372,0.1811480791691035,0.17908813551907035,0.0,0.0
0.1811480791691035,0.18536384651621796,0.1832559628426607,0.0,0.0
0.18536384651621796,0.18967772527807394,0.18752078589714594,0.0,0.0
0.18967772527807394,0.19409199875185343,0.1918848620149637,0.0,0.0
0.19409199875185343,0.19860900337275475,0.1963505010623041,0.0,0.0
0.19860900337275475,0.20323112995064788,0.2009200666617013,0.0,0.0
0.20323112995064788,0.20796082493550797,0.20559597744307792,0.0,0.0
0.20796082493550797,0.21280059171229876,0.21038070832390338,0.0,0.0
0.21280059171229876,0.21775299192599284,0.2152767918191458,0.0,0.0
0.21775299192599284,0.22282064683742647,0.22028681938170966,0.0,0.0
0.22282064683742647,0.22800623871070977,0.2254134427740681,0.0,0.0
0.22800623871070977,0.23331251223292404,0.23065937547181692,0.0,0.0
0.23331251223292404,0.23874227596686132,0.23602739409989268,0.0,0.0
0.23874227596686132,0.24429840383757043,0.24152033990221589,0.0,0.0
0.24429840383757043,0.24998383665350013,0.24714112024553528,0.0,0.0
0.24998383665350013,0.2558015836630415,0.2528927101582708,0.0,0.0
0.2558015836630415,0.26175472414729756,0.25877815390516956,0.0,0.0
0.26175472414729756,0.267846409049918,0.2648005665986078,0.0,0.0
0.267846409049918,0.2740798626448659,0.27096313584739196,0.0,0.0
0.2740798626448659,0.2804583842429956,0.27726912344393073,0.0,0.0
0.2804583842429956,0.28698534993835007,0.2837218670906728,0.0,0.0
0.28698534993835007,0.29366421439509616,0.2903247821667231,0.0,0.0
0.29366421439509616,0.3004985126760465,0.29708136353557135,0.0,0.0
0.3004985126760465,0.3074918621137379,0.3039951873948922,0.0,0.0
0.3074918621137379,0.314647964225052,0.3110699131693949,0.0,0.0
0.314647964225052,0.3219706066703952,0.3183092854477236,0.0,0.0
0.3219706066703952,0.32946366525847204,0.32571713596443364,0.0,0.0
0.32946366525847204,0.33713110599771784,0.33329738562809497,0.0,0.0
0.33713110599771784,0.34497698719546976,0.3410540465965938,0.0,0.0
0.34497698719546976,0.35300546160599333,0.34899122440073155,0.0,0.0
0.35300546160599333,0.36122077862849605,0.3571131201172447,0.0,0.0
0.36122077862849605,0.36962728655629856,0.3654240325923973,0.0,0.0
0.36962728655629856,0.378229434878346,0.3739283607173223,0.0,0.0
0.378229434878346,0.3870317766342813,0.38263060575631364,0.0,0.0
0.3870317766342813,0.3960389708243303,0.3915353737293058,0.0,0.0
0.3960389708243303,0.4052557848752672,0.40064737784979876,0.0,0.0
0.4052557848752672,0.4146870971637712,0.4099714410195192,0.0,0.0
0.4146870971637712,0.4243378995985059,0.4195124983811386,0.0,0.0
0.4243378995985059,0.434213300262294,0.42927559993039993,0.0,0.0
0.434213300262294,0.4443185261157779,0.43926591318903596,0.0,0.0
0.4443185261157779,0.4546589257640038,0.44948872593989087,0.0,0.0
0.4546589257640038,0.4652399722873882,0.459949449025696,0.0,0.0
0.4652399722873882,0.47606726613857314,0.47065361921298066,0.0,0.0
0.47606726613857314,0.48714653810669367,0.4816069021226334,0.0,0.0
0.48714653810669367,0.4984836523506316,0.4928150952286626,0.0,0.0
0.4984836523506316,0.5100846095028648,0.5042841309267482,0.0,0.0
0.5100846095028648,0.5219555498455465,0.5160200796742056,0.0,0.0
0.5219555498455465,0.5341027565605014,0.5280291532030239,0.0,0.0
0.5341027565605014,0.5465326590548559,0.5403177078076786,0.0,0.0
0.5465326590548559,0.5592518363640684,0.5528922477094622,0.0,0.0
0.5592518363640684,0.5722670206341511,0.5657594284991098,0.0,0.0
0.5722670206341511,0.585585100684936,0.5789260606595436,0.0,0.0
0.585585100684936,0.599213125656262,0.592399113170599,0.0,0.0
0.599213125656262,0.6131583087390252,0.6061857171976436,0.0,0.0
0.6131583087390252,0.6274280309930538,0.6202931698660394,0.0,0.0
0.6274280309930538,0.6420298452538372,0.6347289381234456,0.0,0.0
0.6420298452538372,0.6569714801301716,0.6495006626920043,0.0,0.0
0.6569714801301716,0.6722608440948468,0.6646161621125092,0.0,0.0
0.6722608440948468,0.6879060296705277,0.6800834368826872,0.0,0.0
0.6879060296705277,0.7039153177130518,0.6959106736917897,0.0,0.0
0.7039153177130518,0.7202971817944156,0.7121062497537337,0.0,0.0
0.7202971817944156,0.7370602926877569,0.7286787372410862,0.0,0.0
0.7370602926877569,0.7542135229567188,0.7456369078222378,0.0,0.0
0.7542135229567188,0.7717659516516149,0.7629897373041669,0.0,0.0
0.7717659516516149,0.7897268691148926,0.7807464103832538,0.0,0.0
0.7897268691148926,0.8081057818984256,0.7989163255066591,0.0,0.0
0.8081057818984256,0.8269124177952472,0.8175090998468364,0.0,0.0
0.8269124177952472,0.84615673098838,0.8365345743918136,0.0,0.0
0.84615673098838,0.8658489073195013,0.8560028191539406,0.0,0.0
0.8658489073195013,0.885999369680214,0.8759241384998576,0.0,0.0
0.885999369680214,0.906618783528787,0.8963090766045005,0.0,0.0
0.906618783528787,0.9277180625352914,0.9171684230320392,0.0,0.0
0.9277180625352914,0.9493083743581043,0.9385132184466979,0.0,0.0
0.9493083743581043,0.9714011465548517,0.9603547604564779,0.0,0.0
0.9714011465548517,0.9940080726309077,0.9827046095928798,0.0,0.0
0.9940080726309077,1.0171411182286678,1.0055745954297879,0.0,0.0
1.0171411182286678,1.0408125274608517,1.0289768228447598,0.0,0.0
1.0408125274608517,1.0650348293912035,1.0529236784260276,0.0,0.0
1.0650348293912035,1.0898208446660087,1.0774278370286061,0.0,0.0
1.0898208446660087,1.115183692299953,1.1025022684829808,0.0,0.0
1.115183692299953,1.1411367966198938,1.1281602444599232,0.0,0.0
1.1411367966198938,1.1676938943702388,1.1544153454950663,0.0,0.0
1.1676938943702388,1.1948690419836758,1.1812814681769574,0.0,0.0
1.1948690419836758,1.2226766230211226,1.2087728325023992,0.0,0.0
1.2226766230211226,1.2511313557848138,1.2369039894029683,0.0,0.0
1.2511313557848138,1.280248301108561,1.2656898284466873,0.0,0.0
1.280248301108561,1.3100428703293245,1.295145585718943,0.0,0.0
1.3100428703293245,1.3405308334442898,1.325286851886807,0.0,0.0
1.3405308334442898,1.371728327457788,1.356129580451039,0.0,0.0
1.371728327457788,1.403651864922461,1.3876900961901244,0.0,0.0
1.403651864922461,1.4363183426792159,1.4199851038008384,0.0,0.0
1.4363183426792159,1.4697450508005645,1.4530316967398902,0.0,0.0
1.4697450508005645,1.503949681742106,1.4868473662713353,0.0,0.0
1.503949681742106,1.538950339706979,1.5214500107245426,0.0,0.0
1.538950339706979,1.5747655502282611,1.55685794496762,0.0,0.0
1.5747655502282611,1.6114142699743639,1.5930899101013125,0.0,0.0
1.6114142699743639,1.64891589678262,1.630165083378492,0.0,0.0
1.64891589678262,1.6872902799263951,1.6681030883545076,0.0,0.0
1.6872902799263951,1.7265577306211222,1.7069240052737586,0.0,0.0
1.7265577306211222,1.7667390327748482,1.7466483816979852,0.0,0.0
1.7667390327748482,1.8078554539889635,1.7872972433819059,0.0,0.0
1.8078554539889635,1.8499287568149607,1.828892105401962,0.0,0.0
1.8499287568149607,1.8929812102731516,1.8714549835440561,0.0,0.0
1.8929812102731516,1.937035601639462,1.9150084059563068,0.0,0.0
1.937035601639462,1.9821152485065243,1.9595754250729933,0.0,0.0
1.9821152485065243,2.02824401112548,2.005179629816002,0.0,0.0
2.02824401112548,2.07544630503499,2.0518451580802353,0.0,0.0
2.07544630503499,2.1237471139841615,2.0995967095095756,0.0,0.0
2.1237471139841615,2.1731720031562127,2.1484595585701873,0.0,0.0
2.1731720031562127,2.2237471326999096,2.198459567928061,0.0,0.0
2.2237471326999096,2.275499271575887,2.249623202137898,0.0,0.0
2.275499271575887,2.3284558117252154,2.301977541650551,0.0,0.0
2.3284558117252154,2.3826447825677186,2.355550297146467,0.0,0.0
2.3826447825677186,2.4380948658376864,2.4103698242027027,0.0,0.0
2.4380948658376864,2.4948354107648636,2.466465138301275,0.0,0.0
2.4948354107648636,2.55289644960872,2.523865930186792,0.0,0.0
2.55289644960872,2.6123087135542735,2.582602581581497,0.0,0.0
2.6123087135542735,2.6731036489778175,2.6427061812660453,0.0,0.0
2.6731036489778175,2.7353134340912093,2.7042085415345136,0.0,0.0
2.7353134340912093,2.798970995973499,2.7671422150323544,0.0,0.0
2.798970995973499,2.8641100279989518,2.8315405119862254,0.0,0.0
2.8641100279989518,2.9307650076706375,2.8974375178347946,0.0,0.0
2.9307650076706375,2.9989712148690564,2.9648681112698467,0.0,0.0
2.9989712148690564,3.0687647505254776,3.033867982697267,0.0,0.0
3.0687647505254776,3.140182555729827,3.104473653127652,0.0,0.0
3.140182555729827,3.213262431283278,3.1767224935065523,0.0,0.0
3.213262431283278,3.288043057705863,3.2506527444945705,0.0,0.0
3.288043057705863,3.364564015709744,3.3263035367078033,0.0,0.0
3.364564015709744,3.4428658071489138,3.403714911429329,0.0,0.0
3.4428658071489138,3.522989876456469,3.4829278418026917,1e-06,1e-06
3.522989876456469,3.604978632580763,3.563984254518616,0.0,0.0
3.604978632580763,3.6888754714320986,3.646927052006431,0.0,0.0
3.6888754714320986,3.7747247988517802,3.731800135141939,0.0,0.0
3.7747247988517802,3.8625720541157342,3.8186484264837572,0.0,0.0
3.8625720541157342,3.9524637339850903,3.9075178940504123,0.0,0.0
3.9524637339850903,4.044447417316524,3.9984555756508073,0.0,0.0
4.044447417316524,4.138571790245305,4.091509603780915,0.0,0.0
4.138571790245305,4.234886671954417,4.186729231099861,0.0,0.0
4.234886671954417,4.333443041043428,4.284164856498922,0.0,0.0
4.333443041043428,4.434293062510987,4.383868051777208,0.0,0.0
4.434293062510987,4.537490115365298,4.485891588938142,0.0,0.0
4.537490115365298,4.643088820877126,4.590289468121211,0.0,0.0
4.643088820877126,4.751145071490377,4.697116946183751,0.0,0.0
4.751145071490377,4.8617160604054455,4.806430565947911,1e-06,1e-06
4.8617160604054455,4.974860311851065,4.918288186128255,0.0,0.0
4.974860311851065,5.090637712060641,5.032749011955852,0.0,0.0
5.090637712060641,5.209109540969522,5.149873626515081,0.0,0.0
5.209109540969522,5.330338504649907,5.269724022809715,0.0,0.0
5.330338504649907,5.454388768500579,5.392363636575244,0.0,0.0
5.454388768500579,5.581325991209118,5.517857379854849,0.0,0.0
5.581325991209118,5.7112173595044196,5.646271675356768,1e-06,1e-06
5.7112173595044196,5.844131623718045,5.777674491611233,0.0,0.0
5.844131623718045,5.9801391341731245,5.912135378945585,0.0,0.0
5.9801391341731245,6.119311878420186,6.049725506296655,0.0,0.0
6.119311878420186,6.261723519339498,6.190517698879842,0.0,0.0
6.261723519339498,6.4074494341301715,6.3345864767348345,0.0,0.0
6.4074494341301715,6.556566754206619,6.482008094168395,0.0,0.0
6.556566754206619,6.709154406023546,6.632860580115082,1e-06,1e-06
6.709154406023546,6.865293152851001,6.787223779437273,0.0,0.0
6.865293152851001,7.025065637521619,6.94517939518631,0.0,0.0
7.025065637521619,7.188556426172778,7.106811031847199,0.0,0.0
7.188556426172778,7.35585205300666,7.272204239589719,0.0,0.0
7.35585205300666,7.527041066092042,7.441446559549351,1e-06,1e-06
7.527041066092042,7.7022140742319625,7.614627570162002,1e-06,1e-06
7.7022140742319625,7.881463794922186,7.791838934577074,0.0,0.0
7.881463794922186,8.064885103425713,7.97317444917395,1e-06,1e-06
8.064885103425713,8.252575082989416,8.158730093207565,1e-06,1e-06
8.252575082989416,8.444633076229298,8.348604079609357,1e-06,1e-06
8.444633076229298,8.641160737711683,8.54289690697049,1e-06,1e-06
8.641160737711683,8.842262087758046,8.741711412734865,1e-06,1e-06
8.842262087758046,9.048043567502038,8.945152827630043,1e-06,1e-06
9.048043567502038,9.258614095227788,9.153328831364913,2e-06,1.3844373104863458e-06
9.258614095227788,9.47408512401942,9.366349609623605,2e-06,1.3844373104863458e-06
9.47408512401942,9.694570700752147,9.584327912385783,1e-06,1e-06
9.694570700752147,9.92018752645622,9.807379113604183,1e-06,1e-06
9.92018752645622,10.1510550180858,10.03562127227101,1e-06,1e-06
10.1510550180858,10.387295371725198,10.2691751949055,0.0,0.0
10.387295371725198,10.629033627266264,10.50816449949573,0.0,0.0
10.629033627266264,10.876397734590737,10.7527156809285,1e-06,1e-06
10.876397734590737,11.129518621293132,11.002958177941935,1e-06,1e-06
11.129518621293132,11.38853026197938,11.259024441636257,3e-06,1.6583123951777e-06
11.38853026197938,11.653569749178445,11.521050005578912,2e-06,1.414213562373095e-06
11.653569749178445,11.924777365904246,11.789173557541346,0.0,0.0
11.924777365904246,12.20229665990604,12.063537012905144,0.0,0.0
12.20229665990604,12.486274519647028,12.344285589776533,0.0,0.0
12.486274519647028,12.776861252051173,12.631567885849101,1e-06,1e-06
12.776861252051173,13.074210662059151,12.925535957055162,1e-06,1e-06
13.074210662059151,13.378480134035991,13.22634539804757,2e-06,1.3844373104863458e-06
13.378480134035991,13.689830715073288,13.53415542455464,2e-06,2e-06
13.689830715073288,14.008427200229788,13.849128957651537,3e-06,1.6583123951777e-06
14.008427200229788,14.334438219756146,14.171432709992967,0.0,0.0
14.334438219756146,14.668036328349212,14.501237274052679,1e-06,1e-06
14.668036328349212,15.009398096483748,14.83871721241648,0.0,0.0
15.009398096483748,15.358704203869694,15.184051150176721,1e-06,1e-06
15.358704203869694,15.716139535084121,15.537421869476908,2e-06,1.414213562373095e-06
15.716139535084121,16.08189327742907,15.899016406256596,2e-06,2e-06
16.08189327742907,16.45615902106678,16.269026149247928,2e-06,1.3844373104863458e-06
16.45615902106678,16.839134861485032,16.64764694127591,2e-06,1.3844373104863458e-06
16.839134861485032,17.231023504347384,17.035079182916206,4e-06,1.8708286933869708e-06
17.231023504347384,17.632032372783577,17.43152793856548,3e-06,1.7078251276599333e-06
17.632032372783577,18.042373717176485,17.83720304498003,4.4564104e-06,1.8857819739376445e-06
18.042373717176485,18.462264727504596,18.25231922234054,0.0,0.0
18.462264727504596,18.891927648298484,18.67709618790154,1e-06,1e-06
18.891927648298484,19.331589896272934,19.11175877228571,0.0,0.0
19.331589896272934,19.781484180696673,19.556537038484805,0.0,0.0
19.781484180696673,20.241848626563065,20.011666403629867,3e-06,1.6583123951777e-06
20.241848626563065,20.712926900627636,20.477387763595353,4e-06,2.362907813126304e-06
20.712926900627636,21.194968340378832,20.953947620503236,0.0,0.0
21.194968340378832,21.688228086009794,21.44159821319431,2e-06,1.3844373104863458e-06
21.688228086009794,22.19296721546212,21.940597650735956,3e-06,1.6583123951777e-06
22.19296721546212,22.70945288261176,22.451210049036938,6.837276942351971e-06,2.8145941739577563e-06
22.70945288261176,23.23795845867129,22.973705670641525,1e-06,1e-06
23.23795845867129,23.778763676882964,23.508361067777127,6e-06,2.614064523559687e-06
23.778763676882964,24.33215478057873,24.055459228730847,6e-06,2.179449471770337e-06
24.33215478057873,24.898424674686385,24.615289727632558,4e-06,1.9364916731037084e-06
24.898424674686385,25.47787308076167,25.188148877724025,5e-06,2.5e-06
25.47787308076167,26.07080669562787,25.774339888194767,3e-06,2.1984843263788197e-06
26.07080669562787,26.677539353707864,26.37417302466787,7.837276942351973e-06,2.684575961250161e-06
26.677539353707864,27.298392193133992,26.987965773420928,6e-06,2.179449471770337e-06
27.298392193133992,27.933693825723214,27.6160430094286,4e-06,1.8708286933869708e-06
27.933693825723214,28.583780510908813,28.258737168316014,3e-06,1.6583123951777e-06
28.583780510908813,29.248996333719116,28.916388422313965,8e-06,3.7416573867739415e-06
29.248996333719116,29.929693386898734,29.589344860308927,1.1000000000000001e-05,3.2532035493238555e-06
29.929693386898734,30.6262319572683,30.277962672083518,6e-06,2.692582403567252e-06
30.6262319572683,31.33898071642065,30.982606336844476,7.000000000000001e-06,2.2912878474779198e-06
31.33898071642065,32.06831691585556,31.703648816138106,1.0000000000000003e-05,3.227486121839514e-06
32.06831691585556,32.81462658665579,32.441471751255676,1.0000000000000003e-05,2.8867513459481285e-06
32.81462658665579,33.57830474380943,33.19646566523261,1e-05,3.013856886670854e-06
33.57830474380943,34.359755595288,33.96903016954872,6e-06,2.2730302828309758e-06
34.359755595288,35.15939275599028,34.759574175639145,9e-06,3.5000000000000004e-06
35.15939275599028,35.977639466664485,35.568516111327384,8.837691766102114e-06,2.4103802571919085e-06
35.977639466664485,36.81492881792632,36.3962841422954,9.000000000000002e-06,3.5000000000000004e-06
36.81492881792632,37.67170397948947,37.2433163987079,1.1392206390281371e-05,2.8799832166443177e-06
37.67170397948947,38.54841843473153,38.110061207110505,5e-06,2.041241452319315e-06
38.54841843473153,39.44553622071891,38.99697732772522,5e-06,2.041241452319315e-06
39.44553622071891,40.36353217381702,39.904534197267964,7.000000000000001e-06,3.068658773253661e-06
40.36353217381702,41.30289218101712,40.83321217741707,1.0000000000000003e-05,2.64575131106459e-06
41.30289218101712,42.26411343711215,41.783502809064636,1.3000000000000001e-05,3.7080992435478313e-06
42.26411343711215,43.247704707857,42.75590907248457,9e-06,2.8431203515386636e-06
43.247704707857,44.25418659925383,43.75094565355541,1.1000000000000003e-05,3.5590260840104375e-06
44.25418659925383,45.28409183310448,44.769139216179155,8.000000000000001e-06,2.8867513459481285e-06
45.28409183310448,46.33796552897465,45.811028681039566,8e-06,2.5819888974716113e-06
46.33796552897465,47.4163654927215,46.87716551084807,8.000000000000001e-06,3.4520525295346637e-06
47.4163654927215,48.51986251173468,47.96811400222809,1.1000000000000003e-05,3.6742346141747674e-06
48.51986251173468,49.64904065704913,49.0844515843919,9e-06,3.7859388972001827e-06
49.64904065704913,50.804497592489014,50.22676912476907,1.1000000000000003e-05,2.692582403567251e-06
50.804497592489014,51.98684489100516,51.39567124174709,1.8000000000000004e-05,4.453463071962462e-06
51.98684489100516,53.19670835837541,52.59177662469028,9.000000000000002e-06,2.843120351538663e-06
53.19670835837541,54.43472836443833,53.815718361406866,1.5000000000000005e-05,3.5355339059327378e-06
54.43472836443833,55.70156018203451,55.06814427323642,1.04564104e-05,3.3215462242598446e-06
55.70156018203451,56.99787433383697,56.34971725793574,1.2e-05,3.851406669430448e-06
56.99787433383697,58.32435694725303,57.661115640545,1.6000000000000003e-05,4.0517485937144055e-06
58.32435694725303,59.68171011758464,59.00303353241884,1.6000000000000006e-05,3.5355339059327374e-06
59.68171011758464,61.07065227964201,60.376181198613324,1.6456410400000004e-05,4.735185929460584e-06
61.07065227964201,62.491918588003834,61.78128543382292,1.4000000000000003e-05,4.092676385936225e-06
62.491918588003834,63.94626130612834,63.21908994706609,1.5456410400000004e-05,3.3174265809351113e-06
63.94626130612834,65.43445020452002,64.69035575532418,1.8000000000000004e-05,4.281744192888376e-06
65.43445020452002,66.95727296816135,66.19586158634068,1.14564104e-05,2.8792245923561017e-06
66.95727296816135,68.51553561342783,67.73640429079458,1.1000000000000003e-05,2.5331140255951096e-06
68.51553561342783,70.11006291470558,69.31279926406671,1.6000000000000006e-05,4.6726152562920614e-06
70.11006291470558,71.741698840936,70.92588087782079,1.5837276942351976e-05,3.4863213420816935e-06
71.741698840936,73.41130700232209,72.57650292162904,1.2837276942351975e-05,3.0714050228473003e-06
73.41130700232209,75.11977110742855,74.26553905487532,1.6000000000000006e-05,3.499999999999999e-06
75.11977110742855,76.86799543092117,75.99388326917486,1.9999999999999998e-05,4.339738855430512e-06
76.86799543092117,78.65690529219175,77.76245036155646,1.4000000000000003e-05,2.901149197588201e-06
78.65690529219175,80.4874475451204,79.57217641865608,1.1000000000000003e-05,4.672615256292062e-06
80.4874475451204,82.36059107923722,81.42401931217881,1.5456410400000004e-05,3.6178242706394905e-06
82.36059107923722,84.27732733254733,83.31895920589227,1.2000000000000002e-05,2.85773803324704e-06
84.27732733254733,86.23867081628902,85.25799907441817,2.0000000000000005e-05,4.734624237113931e-06
86.23867081628902,88.24565965190595,87.24216523409748,2.24564104e-05,4.6621519337349095e-06
88.24565965190595,90.29935612051608,89.27250788621102,1.4000000000000001e-05,3.979112128771107e-06
90.29935612051608,92.40084722516612,91.3501016728411,1.9456410400000003e-05,5.732105039735532e-06
92.40084722516612,94.551245266174,93.47604624567006,2.1000000000000002e-05,4e-06
94.551245266174,96.75168842985812,95.65146684801607,2.4e-05,4.672615256292063e-06
96.75168842985812,99.0033413909696,97.87751491041385,1.4838631330006278e-05,3.472086005104209e-06
99.0033413909696,101.30739592914479,100.15536866005719,2.2000000000000003e-05,4.406434688800762e-06
101.30739592914479,103.66507155970231,102.48623374442354,1.9838631330006277e-05,4.875754921481543e-06
103.66507155970231,106.07761617912212,104.87134386941221,1.4000000000000005e-05,2.91547594742265e-06
106.07761617912212,108.5463067255465,107.31196145233432,3.2000000000000005e-05,5.759050847723667e-06
108.5463067255465,111.07244985465066,109.80937829009858,2.2456410399999998e-05,5.003821011976231e-06
111.07244985465066,113.65738263124445,112.36491624294754,2.6333741047253194e-05,5.562870827890464e-06
113.65738263124445,116.30247323696938,114.97992793410691,1.8000000000000007e-05,3.872983346207417e-06
116.30247323696938,119.00912169446332,117.65579746571635,2.9000000000000007e-05,4.966554808583779e-06
119.00912169446332,121.77876060838166,120.3939411514225,1.5000000000000005e-05,3.968626966596886e-06
121.77876060838166,124.61285592366043,123.19580826602105,2.3000000000000003e-05,5.361902647381805e-06
124.61285592366043,127.51290770142845,126.06288181254445,2.6e-05,5.099019513592786e-06
127.51290770142845,130.48045091297695,128.9966793072027,2.5000000000000005e-05,4.082482904638629e-06
130.48045091297695,133.51705625220453,131.99875358259072,2.1000000000000002e-05,5.2993710318615495e-06
133.51705625220453,136.62433096697202,135.07069360958826,2.3000000000000003e-05,4.708148963941845e-06
136.62433096697202,139.80391970980526,138.21412533838864,2.4000000000000004e-05,4.387482193696062e-06
139.80391970980526,143.05750540839298,141.4307125590991,1.5000000000000002e-05,3.0822070014844882e-06
143.05750540839298,146.38681015634631,144.72215778236966,2.6e-05,4.434711565216691e-06
146.38681015634631,149.79359612468824,148.09020314051727,1.93337410472532e-05,4.6577806170873825e-06
149.79359612468824,153.2796664945527,151.53663130962047,2.7e-05,4.281744192888377e-06
153.2796664945527,156.8468664115948,155.06326645307377,2.4999999999999994e-05,4.7784237289438195e-06
156.8468664115948,160.4970839626072,158.671975187101,2.4e-05,4.890466917040404e-06
160.4970839626072,164.23225117486885,162.364667568738,2.0000000000000005e-05,3.9370039370059055e-06
164.23225117486885,168.05434503875028,166.14329810680957,2.5456410400000003e-05,5.002668000166995e-06
168.05434503875028,171.965388554115,170.00986679643265,1.5000000000000002e-05,3.818813079129867e-06
171.965388554115,175.967451801076,173.96642017759552,1.8e-05,4.183300132670378e-06
175.967451801076,180.06265303567167,178.01505241837384,2.2000000000000003e-05,3.582364210034113e-06
180.06265303567167,184.2531598110374,182.15790642335452,2.9000000000000007e-05,4.96655480858378e-06
184.2531598110374,188.54119012467308,186.39717496785522,2.6000000000000002e-05,6.034622330077225e-06
188.54119012467308,192.92901359241037,190.73510185854173,1.542237857004991e-05,4.039442673258488e-06
192.92901359241037,197.41895264969722,195.1739831210538,2.5000000000000008e-05,4.778423728943815e-06
197.41895264969722,202.01338378084503,199.71616821527113,3.045641040000001e-05,6.397163068102517e-06
202.01338378084503,206.7147387768779,204.36406127886147,2.8977819274515275e-05,3.988838915111625e-06
206.7147387768779,211.52550602265862,209.12012239976826,2.4000000000000004e-05,5.082650227325636e-06
211.52550602265862,216.44823181396976,213.9868689183142,4.2838926853861834e-05,5.088610090952759e-06
216.44823181396976,221.4855217052427,218.96687675960624,2.1000000000000002e-05,4.932882862316248e-06
221.4855217052427,226.64004188865505,224.06278179694885,3.2e-05,5.686240703077329e-06
226.64004188865505,231.9145206053239,229.27728124698947,2.1000000000000002e-05,4.752192476461084e-06
231.9145206053239,237.31174958933636,234.61313509733014,2.6000000000000002e-05,4.672615256292062e-06
237.31174958933636,242.83458554539052,240.07316756736344,2.3000000000000003e-05,4.51848057057532e-06
242.83458554539052,248.48595166082532,245.6602686031079,4.0999999999999994e-05,6.1237243569579495e-06
248.48595166082532,254.2688391528335,251.3773954068294,2.9999999999999997e-05,5.43139024560011e-06
254.2688391528335,260.18630885169017,257.2275740022618,2.8000000000000003e-05,3.905124837953327e-06
260.18630885169017,266.24149282081896,263.21390083625454,2.5000000000000008e-05,4.9916597106239784e-06
266.24149282081896,272.4375960145668,269.3395444176929,3.18389336e-05,7.189562498409923e-06
272.4375960145668,278.7778979745586,275.6077469945627,3.5e-05,5.469613027140647e-06
278.7778979745586,285.2657545655262,282.0218262700424,2.3000000000000003e-05,5.131601439446884e-06
285.2657545655262,291.9045997515389,288.5851771585326,2.8321122812222606e-05,5.969136749399271e-06
291.9045997515389,298.6979474135714,295.30127358255515,3.33211228122226e-05,6.448446703411082e-06
298.6979474135714,305.64939320936514,302.1736703114683,2.7000000000000002e-05,5.944184833375671e-06
305.64939320936514,312.76261647658276,309.2060048429739,3.1e-05,5.823801736552049e-06
312.76261647658276,320.0413821802436,316.4019993284132,2.5e-05,4.778423728943818e-06
320.0413821802436,327.489542905488,323.7654625428658,2.7000000000000002e-05,5.766281297335398e-06
327.489542905488,335.1110408967177,331.30029190110287,1.4000000000000003e-05,3.829708431025352e-06
335.1110408967177,342.9099101441866,339.01047552045213,1.8000000000000004e-05,4.609772228646444e-06
342.9099101441866,350.890278519157,346.90009433167177,1.4000000000000005e-05,3.4156502553198653e-06
350.890278519157,359.05636995874715,354.97332423895205,2.6e-05,4.8904669170404045e-06
359.05636995874715,367.4125067016189,363.234438330183,1.4838933600000001e-05,4.3730829916519565e-06
367.4125067016189,375.96311157570176,371.6878091386603,3.8e-05,5.795112883571236e-06
375.96311157570176,384.712710339158,380.33791095742987,2.7000000000000002e-05,4.7696960070847286e-06
384.712710339158,393.6659340758205,389.1893222074892,4.2999999999999995e-05,7.516648189186454e-06
393.6659340758205,402.82752164639015,398.24672786110534,3.5000000000000004e-05,6.304760106459247e-06
402.82752164639015,412.20232219666616,407.5149219215282,3.8e-05,6.879922480183431e-06
412.20232219666616,421.79529772415805,416.99880996041213,3.2999999999999996e-05,5.590169943749476e-06
421.79529772415805,431.61152570442846,426.7034117142932,3.5000000000000004e-05,6.7144123594945614e-06
431.61152570442846,441.6562017785505,436.63386374148945,4.3e-05,5.830951894845302e-06
441.6562017785505,451.9346425031159,446.79542214083324,3.2999999999999996e-05,5.951190357119042e-06
451.9346425031159,462.4522881642437,457.1934653336798,3.799999999999999e-05,5.7008771254956945e-06
462.4522881642437,473.214705657069,467.8334969106563,3.9e-05,6.70820393249937e-06
473.214705657069,484.2275914322531,478.72114854466105,5.045641039999999e-05,6.181010547358864e-06
484.2275914322531,495.49677451106675,489.86218297165993,4.5999999999999986e-05,5.492419017761366e-06
495.49677451106675,507.0282195706314,501.2624970408491,4.227636272142149e-05,6.338029650093668e-06
507.0282195706314,518.8280301009773,512.9281248358044,4.6837579097462046e-05,5.977518864628758e-06
518.8280301009773,530.9024516355589,524.8652408682681,6.8e-05,9.660917830792958e-06
530.9024516355589,543.2578750569618,537.0801633462604,5.1543691319915326e-05,7.935096787637229e-06
543.2578750569618,555.9008399795434,549.5793575182527,5.199999999999999e-05,7.900421929660888e-06
555.9008399795434,568.838038210785,562.3694390951642,4.5e-05,6.416125518306719e-06
568.838038210785,582.0763172932087,575.4571777519968,4.3000000000000015e-05,5.744562646538026e-06
582.0763172932087,595.6226841287229,588.8495007109658,3.94564104e-05,7.0653072629500595e-06
595.6226841287229,609.4843086873061,602.5534964080146,4.300000000000001e-05,6.344288770224759e-06
609.4843086873061,623.6685278020109,616.5764182446585,3.6e-05,6.137317546507323e-06
623.6685278020109,638.1828490522867,630.9256884271488,5.387365990093118e-05,8.762054199668579e-06
638.1828490522867,653.0349547376659,645.6089018949763,4.340181909228478e-05,6.4585465007335955e-06
653.0349547376659,668.2327059439458,660.6338303408058,4.499999999999999e-05,7.18215380880508e-06
668.2327059439458,683.7841467039813,676.0084263239635,4.134898556926363e-05,6.9075785262816e-06
683.7841467039813,699.6975082553231,691.7408274796521,4.4000000000000006e-05,4.932882862316247e-06
699.6975082553231,715.9812133969416,707.8393608261324,6.070789412455664e-05,5.622579161390036e-06
715.9812133969416,732.6438809473307,724.3125471721362,4.470789412455665e-05,7.232314763703686e-06
732.6438809473307,749.6943303063742,741.1691056268525,3.634898556926363e-05,5.1504095387913765e-06
749.6943303063742,767.1415861233801,758.4179582148772,5.9000000000000004e-05,6.689544080129827e-06
767.1415861233801,784.9948830737364,776.0682345985583,4.199999999999999e-05,6.191391873668907e-06
784.9948830737364,803.2636707467468,794.1292769102416,5.5e-05,7.926747967062739e-06
803.2636707467468,821.9576186472175,812.6106446969821,3.7e-05,6.218252702059209e-06
821.9576186472175,841.0866213134282,831.5221199803228,4.2000000000000004e-05,7.488880646220323e-06
841.0866213134282,860.6608035542349,850.8737124338315,4.3312884626050846e-05,5.332046257096604e-06
860.6608035542349,880.6905258080286,870.6756646811318,4.3999999999999985e-05,5.773502691896265e-06
880.6905258080286,901.1863896264268,890.9384577172277,4.4999999999999996e-05,9.68245836551854e-06
901.1863896264268,922.1592432855849,911.6728164560059,4.599999999999999e-05,6.982120021884473e-06
922.1592432855849,943.6201875280805,932.8897154068327,5.445383398868283e-05,6.6509237026927035e-06
943.6201875280805,965.5805814384411,954.6003844832608,6.341249540538357e-05,8.98472237986483e-06
965.5805814384411,988.052048455412,976.8163149469265,4.599999999999999e-05,7.023769168568495e-06
988.052048455412,1011.0464825241233,999.5492654897677,4.5144750888485715e-05,6.563049737407099e-06
1011.0464825241233,1034.5760543914648,1022.8112684577941,3.8e-05,6.3442887702247595e-06
1034.5760543914648,1058.6532180479378,1046.6146362197014,4.4000000000000006e-05,6.337717780610513e-06
1058.6532180479378,1083.290717319446,1070.971967683692,5.483893359999999e-05,5.837966499721943e-06
1083.290717319446,1108.5015926124954,1095.8961549659707,3.199999999999999e-05,5.204164998665335e-06
1108.5015926124954,1134.29918781635,1121.4003902144227,3.0999999999999995e-05,6.5510813356778496e-06
1134.29918781635,1160.6971573658386,1147.4981725910943,3.4e-05,5.671566509057852e-06
1160.6971573658386,1187.7094734685327,1174.2033154171856,6.399999999999998e-05,7.129749878735816e-06
1187.7094734685327,1215.3504335000944,1201.5299534843134,5.2295343999999994e-05,7.917315151201279e-06
1215.3504335000944,1243.6346675717562,1229.4925505359251,5e-05,8.24621125123532e-06
1243.6346675717562,1272.5771462739149,1258.1059069228354,5.500000000000001e-05,7.499999999999996e-06
1272.5771462739149,1302.193188599913,1287.385167436914,4.94564104e-05,7.310028430398077e-06
1302.193188599913,1332.498470054263,1317.3458293270878,5.181927172913877e-05,9.236491979445733e-06
1332.498470054263,1363.5090309495345,1348.0037505018986,5.899999999999999e-05,7.011894655987545e-06
1363.5090309495345,1395.2412848963534,1379.3751579229438,7.3e-05,8.755950357709133e-06
1395.2412848963534,1427.712027490987,1411.4766561936704,5.4456410399999996e-05,6.028934708544689e-06
1427.712027490987,1460.9384452050863,1444.3252363480367,6.363690107451527e-05,6.453672330696534e-06
1460.9384452050863,1494.9381244823364,1477.9382848437112,6.680876112357861e-05,9.030292853054332e-06
1494.9381244823364,1529.7290610468149,1512.3335927645758,5.300000023258431e-05,6.831300438290163e-06
1529.7290610468149,1565.3296694279466,1547.5293652373807,5.7e-05,1.036018017861337e-05
1565.3296694279466,1601.758792707157,1583.5442310675517,5.6368455860566166e-05,7.97399021824249e-06
1601.758792707157,1639.0357124913571,1620.3972525992572,6.145641039999998e-05,7.11208930764335e-06
1639.0357124913571,1677.1801591184992,1658.1079358049283,5.500000000000001e-05,9.050782654923638e-06
1677.1801591184992,1716.2123221006957,1696.6962406095975,6.5e-05,5.780715065341543e-06
1716.2123221006957,1756.152860810321,1736.1825914555084,7.80000002325843e-05,8.331666470887812e-06
1756.152860810321,1797.0229154148424,1776.5878881125818,6.045641039999998e-05,8.788066070144686e-06
1797.0229154148424,1838.8441180661302,1817.9335167404863,6.145134773401386e-05,8.284762150244609e-06
1838.8441180661302,1881.6386043501404,1860.2413612081355,7.482743433764478e-05,9.000711969365278e-06
1881.6386043501404,1925.4290250030906,1903.5338146766155,6.400000000000001e-05,7.444237144709093e-06
1925.4290250030906,1970.2385579003028,1947.8337914516967,5.925437787451529e-05,7.397564820098301e-06
1970.2385579003028,2016.0909203240221,1993.1647391121624,6.9e-05,7.99478997014097e-06
2016.0909203240221,2063.0103815167695,2039.5506509203958,7.5e-05,9.380831519646863e-06
2063.0103815167695,2111.021775526849,2087.0160785218095,7.12838447376448e-05,8.030089687649e-06
2111.021775526849,2160.150514352754,2135.5861449398017,7.945641039999999e-05,8.08008650448094e-06
2160.150514352754,2210.4226013935445,2185.286557873149,6.900000000000001e-05,7.989576542804588e-06
2210.4226013935445,2261.864645212182,2236.1436233028635,6.699999999999999e-05,8.582928793055826e-06
2261.864645212182,2314.5038736192146,2288.1842594156983,6.8e-05,8.431093246627826e-06
2314.5038736192146,2368.368148084226,2341.4360108517203,6.400000000000001e-05,8.113774296425386e-06
2368.368148084226,2423.4859784826326,2395.9270632834296,6.599999999999999e-05,7.588368291888142e-06
2423.4859784826326,2479.8865381857186,2451.6862583341754,4.627778346909558e-05,5.2989276396190805e-06
2479.8865381857186,2537.599679501851,2508.7431088437847,6.38389336e-05,7.3553690448004655e-06
2537.599679501851,2596.655949477012,2567.1278144894313,6.823899295319243e-05,6.724838929562645e-06
2596.655949477012,2657.0866060630865,2626.8712777700493,6.199999999999999e-05,5.307227776030224e-06
2657.0866060630865,2718.9236346624325,2688.0051203627595,7.49550252737872e-05,7.593431306450125e-06
2718.9236346624325,2782.199765057427,2750.56169985993,7.900000000000001e-05,9.331845119446275e-06
2782.199765057427,2846.948488734093,2814.57412689576,7.000000000000001e-05,8.051914886120773e-06
2846.948488734093,2913.204076608798,2880.0762826714454,8.2e-05,9.119576013536299e-06
2913.204076608798,2981.0015971675593,2947.102836888179,7.700000000000001e-05,6.5954529791364574e-06
2981.0015971675593,3050.3769350274983,3015.689266097529,7.167756493000627e-05,9.542371685251268e-06
3050.3769350274983,3121.3668099302067,3085.8718724788523,7.800000000000001e-05,9.442810316143527e-06
3121.3668099302067,3194.0087961771924,3157.6878030536996,9.243531173161458e-05,8.486103451989586e-06
3194.0087961771924,3268.3413425176414,3231.175069347417,7.300000000000001e-05,9.891073416638526e-06
3268.3413425176414,3344.403792498953,3306.372567508297,8.543531173161457e-05,7.3748564124693835e-06
3344.403792498953,3422.236405290946,3383.3200988949493,7.900000000000001e-05,7.610300037887249e-06
3422.236405290946,3501.880376994695,3462.0583911428203,9.099999999999999e-05,1.1989578808281806e-05
3501.880376994695,3583.377862447206,3542.6291197209503,7.8e-05,7.421814692737438e-06
3583.377862447206,3666.7719975336513,3625.0749299904287,7.499999999999998e-05,8.286535263104046e-06
3666.7719975336513,3752.106922018753,3709.439459776202,8.788028763204549e-05,1.1203682786596818e-05
3752.106922018753,3839.427802909583,3795.767362464168,6.6e-05,9.442810316143529e-06
3839.427802909583,3928.7808583620804,3884.1043306358315,7.199999999999999e-05,1.0523782589924598e-05
3928.7808583620804,4020.2133821438547,3974.4971202529678,5.0999999999999986e-05,7.106335201775953e-06
4020.2133821438547,4113.773768666377,4066.9935754051157,5.4999999999999995e-05,7.670288999335904e-06
4113.773768666377,4209.51153859973,4161.642653633053,8.199999999999999e-05,1.0897247358851691e-05
4209.51153859973,4307.477365083393,4258.494451841561,7.4e-05,7.729812416870156e-06
4307.477365083393,4407.723100547152,4357.600232815273,7.2e-05,8.366600265340757e-06
4407.723100547152,4510.3018041560545,4459.012452351603,8.799999999999998e-05,9.99583246491591e-06
4510.3018041560545,4615.267769894181,4562.784787025117,6.800000000000001e-05,8.612007121842538e-06
4615.267769894181,4722.676555301987,4668.972162598084,5.8e-05,7.245688373094718e-06
4722.676555301987,4832.5850108823515,4777.630783092169,8.099999999999999e-05,7.5993420767853384e-06
4832.5850108823515,4945.051310191068,4888.81816053671,8.8e-05,7.5828754440515565e-06
4945.051310191068,5060.134980627611,5002.59314540934,8.800000000000001e-05,1.044828534577165e-05
5060.134980627611,5177.896934942393,5119.015957785003,8.299999999999998e-05,9.389710680668858e-06
5177.896934942393,5298.399503477363,5238.148219209878,8.545641039999998e-05,8.328625496036443e-06
5298.399503477363,5421.7064671569315,5360.052985317147,7.84564104e-05,6.604629531868391e-06
5421.7064671569315,5547.88309124656,5484.794779201746,7.93607108374338e-05,1.0050633752512112e-05
5547.88309124656,5676.99615989717,5612.439625571866,6.081978047710912e-05,8.191362157793295e-06
5676.99615989717,5809.114011493311,5743.055085695241,5.643531173161456e-05,5.6796229113831685e-06
5809.114011493311,5944.306574824086,5876.710293158699,6.627424533161457e-05,7.4911670407479515e-06
5944.306574824086,6082.6454060958695,6013.475990459978,6.483893360000001e-05,7.7095401150269e-06
6082.6454060958695,6224.203726806285,6153.424566451077,5.599999999999999e-05,8.366600265340754e-06
6224.203726806285,6369.056462499726,6296.6300946530055,3.536071083743378e-05,5.761923020097139e-06
6369.056462499726,6517.280282424808,6443.168372462267,5.438983966025441e-05,6.5918754278039955e-06
6517.280282424808,6668.953640114635,6593.116961269721,6.4e-05,7.416198487095665e-06
6668.953640114635,6824.156814911584,6746.5552275131095,5.536071083743379e-05,7.286775092532265e-06
6824.156814911584,6982.971954458484,6903.564384685034,5.7e-05,8.291561975888497e-06
6982.971954458484,7145.483118178522,7064.227536318504,4.499999999999999e-05,6.733003292241388e-06
7145.483118178522,7311.7763217672555,7228.629719972889,3.2000000000000005e-05,4.5825756949558395e-06
7311.7763217672555,7481.939582719844,7396.85795224355,3.0999999999999995e-05,6.861729616746303e-06
7481.939582719844,7656.062966917956,7569.0012748189,1.4999999999999999e-05,4.573474244670748e-06
7656.062966917956,7834.238636300882,7745.150801609419,1.9000000000000004e-05,3.840572873934304e-06
7834.238636300882,8016.560897645921,7925.399766973402,1.5000000000000005e-05,3.968626966596886e-06
8016.560897645921,8203.126252484155,8109.843575065038,2.7000000000000002e-05,4.232808366400098e-06
8203.126252484155,8394.033448177897,8298.579850331025,2.5e-05,4.778423728943817e-06
8394.033448177897,8589.383530186671,8491.708489182285,3.299999999999999e-05,4.856267428111159e-06
8589.383530186671,8789.279895549722,8689.331712868196,2.8000000000000003e-05,4.873397172404481e-06
8789.279895549722,8993.828347613184,8891.554121581452,3.643531173161457e-05,4.0726531589541e-06
8993.828347613184,9203.137152030718,9098.482749821951,4.9e-05,7.69198717280955e-06
9203.137152030718,9417.317094067697,9310.227123049208,4.800000000000001e-05,6.916164640415475e-06
9417.317094067697,9636.48153723871,9526.899315653203,5.4435311731614585e-05,7.554855864983642e-06
9636.48153723871,9860.74648330991,9748.614010274308,6.5e-05,7.228416147400481e-06
9860.74648330991,10090.230633697762,9975.488558503836,6.843531173161458e-05,7.02887785247162e-06
10090.230633697762,10325.055452296523,10207.643042997142,5.700000000000001e-05,8.154753215150043e-06
10325.055452296523,10565.345229768034,10445.20034103228,7.727592218820486e-05,9.537816914424841e-06
10565.345229768034,10811.22714932772,10688.286189547878,6.483893360000001e-05,8.382078130464365e-06
10811.22714932772,11062.831354061394,10937.029251694557,7.1e-05,6.95221787153807e-06
11062.831354061394,11320.291015808878,11191.561184935137,7.6e-05,8.445906306213288e-06
11320.291015808878,11583.74240565073,11452.016710729804,7.583893359999999e-05,7.1450082984702714e-06
11583.74240565073,11853.324966035141,11718.533685842936,8.183893360000003e-05,9.106270644554523e-06
11853.324966035141,12129.181384583753,11991.253175309448,6.2e-05,9.742518497116987e-06
12129.181384583753,12411.457669614769,12270.319527099262,8.999999999999998e-05,1.0255080041943447e-05
12411.457669614769,12700.303227423901,12555.880448519336,9.379796747451528e-05,9.556517665226723e-06
12700.303227423901,12995.870941363868,12848.087084393885,8.999999999999999e-05,8.445906306213288e-06
12995.870941363868,13298.317252764018,13147.094097063942,8.383719337002365e-05,7.0964626569403775e-06
13298.317252764018,13607.802243733388,13453.059748248703,8.108159279863431e-05,1.1930354313981875e-05
13607.802243733388,13924.489721890808,13766.145982812097,9.983893359999998e-05,9.499012182952287e-06
13924.489721890808,14248.547307066612,14086.51851447871,8.679796747451527e-05,7.548743864050066e-06
14248.547307066612,14580.146520022521,14414.346913544567,0.00010102491016208292,9.595388219798721e-06
14580.146520022521,14919.462873235841,14749.80469662918,0.00010317492484147799,1.006075072797474e-05
14919.462873235841,15266.675963796719,15093.06941851628,9.951824411235346e-05,8.31795797094674e-06
15266.675963796719,15621.969568467362,15444.322766132042,9.54561713689848e-05,9.274276605960789e-06
15621.969568467362,15985.53174095324,15803.7506547103,9.683205710185315e-05,8.544723238836092e-06
15985.53174095324,16357.554911438303,16171.543326195771,9.929534400000001e-05,1.0031741085347104e-05
16357.554911438303,16738.23598843665,16547.895449937474,0.000114,8.544003745317526e-06
16738.23598843665,17127.77646301423,16933.00622572544,0.00011026901912783848,9.451926174006354e-06
17127.77646301423,17526.38251543636,17327.079489225296,0.00010429534400000001,8.495224749044297e-06
17526.38251543636,17934.265124297162,17730.32381986676,0.00010345641039999999,8.774342124620788e-06
17934.265124297162,18351.640178188416,18142.95265124279,9.717301811362232e-05,9.947522717854605e-06
18351.640178188416,18778.728589967715,18565.184384078064,0.00010324014841076474,8.984630738485188e-06
18778.728589967715,19215.75641368541,18997.242501826564,0.00011100000872798242,8.995365783049963e-06
19215.75641368541,19662.95496423307,19439.35568895924,0.00010044149181588279,9.193341764000172e-06
19662.95496423307,20120.56093977652,19891.757952004795,0.000101,9.695359714832656e-06
20120.56093977652,20588.81654703778,20354.688743407147,0.00011783893359999998,9.366407489100386e-06
20588.81654703778,21067.96962949305,20828.393088265417,0.00012170490572616085,1.1665226197284962e-05
21067.96962949305,21558.27379855414,21313.121714023597,0.00012723633632131268,9.308262069240835e-06
21558.27379855414,22059.988567802448,21809.131183178295,0.00013145237026978643,1.0832247958937048e-05
22059.988567802448,22573.379490347306,22316.684029074877,0.00013367071323019613,1.2110147533946107e-05
22573.379490347306,23098.718299380973,22836.04889486414,0.00012163835299259924,1.0623410849095875e-05
23098.718299380973,23636.283052004248,23367.50067569261,0.00012628667655691084,1.2174951786384648e-05
23636.283052004248,24186.358276399966,23911.320664202107,0.0001776383529925993,1.2102601708642061e-05
24186.358276399966,24749.235122430877,24467.79669941542,0.0002428389336,1.2890118020608218e-05
24749.235122430877,25325.211515742765,25037.22331908682,0.0002994179026112587,1.5478380530674825e-05
25325.211515742765,25914.592315454,25619.901915598384,0.0003026129024926645,1.6260423781565056e-05
25914.592315454,26517.689475514373,26216.140895484186,0.00017456958933161458,1.4260855342026955e-05
26517.689475514373,27134.82220981971,26826.255842667044,4.399999999999999e-05,7.164728420068228e-06
27134.82220981971,27766.31716116905,27450.56968549438,8.451376669338997e-06,2.6558015753899803e-06
27766.31716116905,28412.508574153402,28089.412867661224,6e-06,2.345207879911715e-06
28412.508574153402,29073.738472068595,28743.123523110997,6e-06,2.614064523559687e-06
29073.738472068595,29750.356837945266,29412.04765500693,1.8e-05,4.425306015783918e-06
29750.356837945266,30442.721799791343,30096.539318868305,2.2451376669339005e-05,3.993926194701804e-06
30442.721799791343,31151.19982014644,30796.960809968892,3.2000000000000005e-05,5.759050847723666e-06
31151.19982014644,31876.16589004676,31513.682855096602,3.5e-05,6.116916434500858e-06
31876.16589004676,32618.003727504634,32247.084808775697,4.482758708772473e-05,7.070325487066283e-06
32618.003727504634,33377.105980607244,32997.55485405594,4.899999999999999e-05,8.391463916782737e-06
33377.105980607244,34153.87443534131,33765.490207974275,6.317346556064403e-05,8.638979084411826e-06
34153.87443534131,34948.72022825497,34551.29733179814,6.760873926837452e-05,8.538979812660057e-06
34948.72022825497,35762.06406406888,35355.392146161925,7.2e-05,7.4105780251385696e-06
35762.06406406888,36594.33643835105,36178.200251209964,7.267653368520496e-05,7.375379041571365e-06
36594.33643835105,37445.97786537439,37020.15715186272,7.1e-05,1.051189802081432e-05
37445.97786537439,38317.43911127728,37881.708488325836,9.450326301159156e-05,8.270044120224774e-06
38317.43911127728,39209.18143264942,38763.310271963346,7.014266603243182e-05,8.568063589521176e-06
39209.18143264942,40121.676820671455,39665.42912666044,8.266173182006768e-05,7.629426436560674e-06
40121.676820671455,41055.40825093506,40588.54253580326,8.583893360000002e-05,8.852175502018826e-06
41055.40825093506,42010.86993907786,41533.13909500646,8.531061183061678e-05,6.543601690831072e-06
42010.86993907786,42988.567602367526,42499.71877072269,0.00012200000000000001,1.22065556157337e-05
42988.567602367526,43989.01872737289,43488.79316487021,0.00010991282079999999,9.5845823992852e-06
43989.01872737289,45012.752843865164,44500.88578561903,0.00010129360377002366,1.0563667004059675e-05
45012.752843865164,46060.311805093574,45536.53232447937,0.00012727779930898428,1.2716952581541767e-05
46060.311805093574,47132.25007458284,46596.28093983821,0.00011876702223061676,9.506564055798107e-06
47132.25007458284,48229.13501960597,47680.692547094404,0.00012543531173161456,7.798336464294975e-06
48229.13501960597,49351.547211487035,48790.3411155465,0.00012429489207630684,1.088265129462767e-05
49351.547211487035,50500.08073289155,49925.813972189295,7.6e-05,8.098353742170892e-06
50500.08073289155,51675.34349226994,51087.712112580746,7.240906018716598e-05,8.255658202451745e-06
51675.34349226994,52877.9575456173,52276.650518943614,6.3e-05,7.889866919029749e-06
52877.9575456173,54108.55942572229,53493.258485669794,7.1e-05,8.760707733967616e-06
54108.55942572229,55367.800479078585,54738.17995240044,7.629534428490316e-05,8.99268668769773e-06
55367.800479078585,56656.34721063603,56012.07384485731,9.40030926230731e-05,1.1064273772875743e-05
56656.34721063603,57974.88163657602,57315.61442360602,0.00010699999999999997,1.3063945294843624e-05
57974.88163657602,59324.10164529692,58649.49164093647,0.00012027334111153654,1.0989479602805838e-05
59324.10164529692,60704.72136679925,60014.41150604808,0.00011662463876078172,1.0293187431456916e-05
60704.72136679925,62117.47155066922,61411.09645873423,0.0001355427399274009,1.143945328696928e-05
62117.47155066922,63563.09995285709,62840.28575176316,0.00011099999999999999,8.860022573334677e-06
63563.09995285709,65042.37173145798,64302.73584215753,0.0001188389336,8.76314687684789e-06
65042.37173145798,66556.06985170356,65799.22079158077,0.00014272177023607856,1.0199685159125372e-05
66556.06985170356,68104.99550037779,67330.53267604068,0.00014545641039999998,1.406725977058889e-05
68104.99550037779,69689.9685098781,68897.48200512794,0.00016799999999999996,1.678789246252591e-05
69689.9685098781,71311.8277921459,70500.89815101199,0.00019081842353918003,1.5816944108881757e-05
71311.8277921459,72971.43178269411,72141.62978742001,0.00019200000000000003,1.597915308560918e-05
72971.43178269411,74669.65889496992,73820.54533883202,5.64564104e-05,6.733810797255007e-06
74669.65889496992,76407.40798529144,75538.53344013068,7.699999999999999e-05,9.165151389911682e-06
76407.40798529144,78185.59882860328,77296.50340694736,0.00010399999999999998,1.0684880283216423e-05
78185.59882860328,80005.17260530633,79095.3857169548,0.0001875756786020693,1.4006414713500343e-05
80005.17260530633,81867.09239941502,80936.13250236068,0.0002724152421987331,1.632033860873346e-05
81867.09239941502,83772.3437083094,82819.71805386222,0.00020909314314706195,1.4270814703280215e-05
83772.3437083094,85721.93496435066,84747.13933633003,2.2000000000000006e-05,4.609772228646444e-06
85721.93496435066,87716.89806863418,86719.41651649242,6.600000000000002e-05,8.592632503100154e-06
87716.89806863418,89758.28893716606,88737.59350290013,0.00010745641039999998,1.1602284705460455e-05
89758.28893716606,91847.18805975044,90802.73849845825,0.00010082696326023059,9.681770629816007e-06
91847.18805975044,93984.70107188197,92915.9445658162,0.000105,1.183920042345203e-05
93984.70107188197,96171.95933994927,95078.33020591561,0.00010500000000000002,1.1651180197731037e-05
96171.95933994927,98410.12056005756,97291.03995000341,9.583170601069504e-05,1.1100220804944773e-05
98410.12056005756,100700.36937078557,99555.24496542156,6.6e-05,6.812977811989897e-06
100700.36937078557,103043.91798020493,101872.14367549526,7.982404005396557e-05,1.0603071195679115e-05
103043.91798020493,105442.00680749027,104242.9623938476,0.00012334898556926358,1.171030775698972e-05
105442.00680749027,107895.9051394637,106668.95597347699,0.0001214564104,1.16351304184022e-05
107895.9051394637,110406.91180241434,109151.40847093903,0.00012261175906900555,1.1767700109731737e-05
110406.91180241434,112976.35584955702,111691.63382598569,0.00012600000872798245,1.0054018294932744e-05
112976.35584955702,115605.59726448778,114290.9765570224,0.0001492699378023071,1.5147184048431759e-05
115605.59726448778,118296.02768101051,116950.81247274915,0.00017083231285880355,1.1703611408809658e-05
118296.02768101051,121049.07111971804,119672.54940036428,0.00016951059546770154,1.5570265816412527e-05
121049.07111971804,123866.18474171057,122457.62793071431,0.00015345641039999998,1.4473442301443994e-05
123866.18474171057,126748.85961985985,125307.52218078522,0.00016999999999999999,1.0543560435956502e-05
126748.85961985985,129698.6215280201,128223.74057393998,0.000199,1.513825177048746e-05
129698.6215280201,132717.03174860645,131207.82663831327,7.540240378621057e-05,7.060673829344084e-06
132717.03174860645,135805.68789896698,134261.3598237867,0.00024326248105612975,1.4762217430470747e-05
135805.68789896698,138966.22477698955,137385.95633797825,0.00031814278802391656,1.3756397775704746e-05
138966.22477698955,142200.31522638223,140583.2700016859,4.581257515144844e-05,6.5422203118897364e-06
142200.31522638223,145509.67102209653,143854.99312423938,4.2999999999999995e-05,8.366600265340757e-06
145509.67102209653,148896.0437763541,147202.85739922532,7.907407393472662e-05,9.855245180209083e-06
148896.0437763541,152361.22586575852,150628.63482105633,0.00010400000000000001,9.036961141150636e-06
152361.22586575852,155907.05137998663,154134.1386228726,0.00011999999999999998,1.1090536506409434e-05
155907.05137998663,159535.397092552,157721.2242362693,0.00014700000000000005,1.3898441159592899e-05
159535.397092552,163248.1834541667,161391.79027335934,0.00013597167538261412,1.0015829095347127e-05
163248.1834541667,167047.3756092179,165147.7795316923,0.00019699999999999996,1.31656117720877e-05
167047.3756092179,170934.9844359012,168991.18002255954,0.00014800000000000002,1.6768025127207636e-05
170934.9844359012,174913.06761055955,172924.02602323037,9.840290213113168e-05,9.280297304744978e-06
174913.06761055955,178983.73069679568,176948.39915367763,0.00020483882215952936,1.2149255284212492e-05
178983.73069679568,183149.12825992372,181066.4294783597,0.0002638373977826142,1.5104402133033239e-05
183149.12825992372,187411.46500736402,185280.29663364385,0.00021200000000000003,1.8730545462781732e-05
187411.46500736402,191772.99695557423,189592.23098146913,4.100000000000001e-05,5.671566509057851e-06
191772.99695557423,196236.03262413776,194004.51478985598,7.9e-05,1.0177589760514687e-05
196236.03262413776,200802.93425764545,198519.4834408916,9.13643643256295e-05,9.356123833632596e-06
200802.93425764545,205476.11907600577,203139.5266668256,9.499999999999999e-05,8.124038404635963e-06
205476.11907600577,210258.06055386056,207867.08981493316,0.00016077181397228585,1.203196181398563e-05
210258.06055386056,215151.28972977222,212704.67514181638,0.0001410026488627899,9.814550104892124e-06
215151.28972977222,220158.39654587957,217654.8431378259,0.0002448389336,1.6186144570337822e-05
220158.39654587957,225282.03121872997,222720.2138823048,8.5e-05,1.1452801695072986e-05
225282.03121872997,230524.9056420187,227903.46843037434,0.0001204590592627899,1.1268304943523228e-05
230524.9056420187,235889.79482196458,233207.35023199164,0.00013428819882036286,1.360540058011863e-05
235889.79482196458,241379.53834609917,238634.6665840319,0.0001598430482372222,1.4173958053163415e-05
241379.53834609917,246997.04188623413,244188.29011616664,0.000143,1.4089002803605374e-05
246997.04188623413,252745.27873640606,249871.1603113201,0.00012299999999999998,1.1565033506220383e-05
252745.27873640606,258627.29138661837,255686.2850615122,0.00011825727877370772,1.138342769307067e-05
258627.29138661837,264646.19313319767,261636.742259908,0.00017102800239615515,1.3606252543913287e-05
264646.19313319767,270805.16972663766,267725.6814299177,0.00020019716957322262,1.200567903725721e-05
270805.16972663766,277107.4810577871,273956.32539221237,0.00022883893360000005,1.5628399672344645e-05
277107.4810577871,283556.4628832806,280331.97197053384,7.34564104e-05,8.814213607571288e-06
283556.4628832806,290155.52859112347,286855.995737202,0.000138,1.4338177476002082e-05
290155.52859112347,296908.17100737203,293531.84979924775,0.00018683893360000003,1.5435016198626933e-05
296908.17100737203,303817.9642448478,300363.0676261099,0.00024529761626172417,1.7814792479147784e-05
303817.9642448478,310888.5655948881,307353.264919868,0.0002970944217102042,2.0454772957860547e-05
310888.5655948881,318123.717463116,314506.14152900205,0.00027500000000000007,1.5362291495737182e-05
318123.717463116,325527.24935026077,321825.4834066884,7.433489099665432e-05,9.084408739776373e-06
325527.24935026077,333103.0798790834,329315.1646146721,0.000148,1.2301761391497301e-05
333103.0798790834,340855.21886846033,336979.14937377186,0.00017700000000000002,1.126942766958464e-05
340855.21886846033,348787.76945575,344821.49416210514,0.0002693348909966543,1.529441517002992e-05
348787.76945575,356904.93026854476,352846.34986214736,0.0003142310426815408,1.718688121281691e-05
356904.93026854476,365210.99764696555,361057.9639577551,0.00015911321797524582,1.0021919663942657e-05
365210.99764696555,373710.3679176818,369460.6827823237,0.00020711066735494316,1.4628604387329925e-05
373710.3679176818,382407.5397208387,378058.95381926023,0.00031709357531495383,1.7651985721824315e-05
382407.5397208387,391307.1163911527,386857.32805599575,0.0001046118284839432,1.1072093345676866e-05
391307.1163911527,400413.8083944139,395860.4623927833,0.00013704606257126218,1.0459276312265145e-05
400413.8083944139,409732.43582069303,405073.12210755347,0.00014690629422187463,9.737708544905474e-06
409732.43582069303,419267.9309355698,414500.1833781314,0.00013343526847945682,1.4160987979985686e-05
419267.9309355698,429025.340790744,424146.6358631569,0.000157,1.0754843869934446e-05
429025.340790744,439009.8298953838,434017.5853430639,0.00021249267164875048,1.4200735875509592e-05
439009.8298953838,449226.682949661,444118.25642252236,0.00014235706932167196,1.2504118936962178e-05
449226.682949661,459681.3076418935,454453.9952957772,0.00020364374086617387,1.8607748159651758e-05
459681.3076418935,470379.237510784,465030.2725763387,0.0002717521594996523,1.298871749848494e-05
470379.237510784,481326.1348742801,475852.68619253207,0.0001486298938299489,1.4120260559812093e-05
481326.1348742801,492527.79382657644,486926.96435042826,0.0001910026488627899,1.3188709512996773e-05
492527.79382657644,503990.14330488455,498258.9685657305,0.000216,1.661073949788711e-05
503990.14330488455,515719.2502275636,509854.6967662241,0.0001734494584306026,1.1086473510830331e-05
515719.2502275636,527721.3227052862,521720.28646642494,0.00021782963040127014,1.4338823682541323e-05
527721.3227052862,540002.7133269325,533862.0180161094,0.00018983853205411822,1.0531556710178358e-05
540002.7133269325,552569.922521968,546286.3179244503,0.00020784019911470816,1.7479294335873183e-05
552569.922521968,565429.6020010485,558999.7622615083,0.00019980901707557745,1.1491482205961757e-05
565429.6020010485,578588.5582767196,572009.080138884,0.00018000236540088732,1.540817774624935e-05
578588.5582767196,592053.7562660404,585321.1572713801,0.00019800501426367722,1.3993306943617707e-05
592053.7562660404,605832.3229770486,598943.0396215445,0.00023109956952247415,1.4033359700464824e-05
605832.3229770486,619931.5512810319,612881.9371290402,0.00021073619252339948,1.5931508307498893e-05
619931.5512810319,634358.9037725644,627145.2275267981,0.00019505492403239846,1.5150089938147747e-05
634358.9037725644,649122.0167194001,641740.4602459823,0.000235,1.746186320719148e-05
649122.0167194001,664228.7041042784,656675.3604118392,0.00028966560042394194,1.8917814506081717e-05
664228.7041042784,679686.961760795,671957.8329325367,0.00018307768821813002,1.3544600139079694e-05
679686.961760795,695504.9716055216,687595.9666831583,0.00021200000000000006,1.8080837001274757e-05
695504.9716055216,711691.1059686318,703598.0387870767,0.00033561112840525614,1.768509374347009e-05
711691.1059686318,728253.9320252837,719972.5189969577,0.00018051616148358568,1.3245322685041088e-05
728253.9320252837,745202.216330159,736728.0741777213,0.00021196527152854246,1.3881260558732628e-05
745202.216330159,762544.9294575193,753873.5728938391,0.000134,1.2134661099511591e-05
762544.9294575193,780291.2507492471,771418.0901033832,0.00018480726725624027,8.921112601086847e-06
780291.2507492471,798450.5731734011,789370.911961324,0.00018144012326950495,1.303602166408521e-05
798450.5731734011,817032.5082958105,807741.5407346059,0.00015782664253306057,1.1954919786931159e-05
817032.5082958105,836046.8913674038,826539.6998316072,0.00019955596598513354,1.1626943375629747e-05
836046.8913674038,855503.7865299142,845775.338948659,0.00020342729820152134,1.5872072167434748e-05
855503.7865299142,875413.49214274,865458.6393363271,0.00017177162987104763,1.2229648825511638e-05
875413.49214274,895786.5462337699,885600.019188255,0.00019629569321737714,1.1246886638467133e-05
895786.5462337699,916633.7320770797,906210.1391554248,0.00017145641040000001,1.231935184658247e-05
916633.7320770797,937966.0839004021,927299.9079887408,0.0002226771064258517,1.564268967978993e-05
937966.0839004021,959794.8927254571,948880.4883129296,0.000257,1.6578098001077627e-05
959794.8927254571,982131.7123441853,970963.3025348212,0.0001752956932173772,1.7573335339153916e-05
982131.7123441853,1004988.3654340616,993560.0388891235,0.00017826818203777584,1.3845288046037923e-05
1004988.3654340616,1028376.9498157481,1016682.6576249049,0.00020146379255936864,1.4946512693441723e-05
1028376.9498157481,1052309.8448563376,1040343.397336043,0.000146675316300148,1.0569221568997595e-05
1052309.8448563376,1076799.7180216573,1064554.7814389975,0.00018100000000000004,1.2209968604928228e-05
1076799.7180216573,1101859.5315810393,1089329.6248013484,0.00018700000000000002,1.783489089771322e-05
1101859.5315810393,1127502.5494681352,1114681.0405245873,0.0002257318069024663,1.2783403176342488e-05
1127502.5494681352,1153742.3443013895,1140622.4468847625,0.0002060233463002738,1.3664595245145447e-05
1153742.3443013895,1180592.8045679252,1167167.5744346573,0.000224,1.4679918255903215e-05
1180592.8045679252,1208068.1419745658,1194330.4732712456,0.00022334796437535641,1.719609350665759e-05
1208068.1419745658,1236182.898969982,1222125.520472274,0.00018944728119453847,1.2334393227202704e-05
1236182.898969982,1264951.9564418762,1250567.4277059291,0.0001838541301196036,1.1213431934030896e-05
1264951.9564418762,1294390.5415932941,1279671.249017585,0.00019127869751414705,1.3325034529963987e-05
1294390.5415932941,1324514.23600227,1309452.388797782,0.00017299999999999998,1.1779218989389785e-05
1324514.23600227,1355338.9838689822,1339926.609935626,0.00016470231019776718,1.5508848359080744e-05
1355338.9838689822,1386881.100454897,1371110.0421619397,0.00020281807894034066,1.2924999019059407e-05
1386881.100454897,1419157.280718283,1403019.19058659,0.00018199999999999998,1.6464608508353115e-05
1419157.280718283,1452184.6081507043,1435670.9444344938,0.0001604564104,9.410406306490063e-06
1452184.6081507043,1485980.5638191497,1469082.5859849271,0.00019224747145288866,1.2335204386620409e-05
1485980.5638191497,1520563.0356186312,1503271.7997188903,0.00019,1.3862419221285558e-05
1520563.0356186312,1555950.3277400474,1538256.6816793391,0.00018227457991128857,1.029772733190105e-05
1555950.3277400474,1592161.1703584525,1574055.74904925,0.000166,1.2332207155790619e-05
1592161.1703584525,1629214.729546762,1610687.9499526073,0.00016600000000000002,1.5383974345619095e-05
1629214.729546762,1667130.6174201767,1648172.6734834695,0.0001798389336,1.2249422168081058e-05
1667130.6174201767,1705928.9025167255,1686529.7599684512,0.00018282604599833082,1.1290179832083148e-05
1705928.9025167255,1745630.1204193202,1725779.5114680228,0.0001845889536778155,1.6022811597688333e-05
1745630.1204193202,1786255.2846250841,1765942.7025222022,0.00018000000000000004,1.3793114224133708e-05
1786255.2846250841,1827825.8976675975,1807040.5911463408,0.00018828476345637333,1.7822274905733912e-05
1827825.8976675975,1870363.9624979962,1849094.9300827968,0.00014,1.146007562511406e-05
1870363.9624979962,1913891.9941309278,1892127.9783144621,0.00011383447116294454,1.0268900843100269e-05
1913891.9941309278,1958433.0315615772,1936162.5128462524,0.000123,1.0781929326423911e-05
1958433.0315615772,2004010.649959952,1981221.8407607647,0.00014600000000000003,1.3181426326464052e-05
2004010.649959952,2050648.9731490398,2027329.811554496,0.00010399999999999997,1.0091250335480415e-05
2050648.9731490398,2098372.6863733223,2074510.829761181,0.00012899999999999996,1.039230484541328e-05
2098372.6863733223,2147207.0493644425,2122789.8678688826,0.00012283753036080957,1.039948059603083e-05
2147207.0493644425,2197177.909710992,2172192.479537717,0.00010881104725679034,9.905346613439521e-06
2197177.909710992,2248311.716539351,2222744.8131251717,0.000106,1.0766460266339476e-05
2248311.716539351,2300635.534513008,2274473.6255261796,0.00011483573731077768,1.1056763047729854e-05
2300635.534513008,2354177.0581576363,2327406.296335322,0.00010683814227579738,1.4066307157308234e-05
2354177.0581576363,2408964.626519554,2381570.842338595,9.799999999999997e-05,1.0062305898749068e-05
2408964.626519554,2465027.2381653176,2436995.9323424357,8.8e-05,9.24211375534118e-06
2465027.2381653176,2522394.566530442,2493710.9023478795,8.7e-05,1.1807483502705669e-05
2522394.566530442,2581096.975625222,2551745.771077832,5.9999999999999995e-05,7.123903424387501e-06
2581096.975625222,2641165.5361061716,2611131.255865697,6.3e-05,7.153087911291643e-06
2641165.5361061716,2702632.041721429,2671898.7889138004,6.983106959313165e-05,6.830582863146624e-06
2702632.041721429,2765529.0261388947,2734080.533930162,6.2e-05,1.0626225419530057e-05
2765529.0261388947,2829889.7801660486,2797709.4031524714,5.7999999999999994e-05,7.527726527090812e-06
2829889.7801660486,2895748.3693704116,2862819.0747682303,4.4000000000000006e-05,6e-06
2895748.3693704116,2963139.6521101864,2929444.010740299,4.2e-05,5.845225972250063e-06
2963139.6521101864,3032099.2979844627,2997619.475047325,6.800000000000001e-05,7.84219357067906e-06
3032099.2979844627,3102663.8067128127,3067381.552348638,4.7999999999999994e-05,7.488880646220324e-06
3102663.8067128127,3174870.5274542538,3138767.1670835335,6.099999999999999e-05,6.311365409587163e-06
3174870.5274542538,3248757.678575871,3211814.1030150624,6.400000000000001e-05,1.0743214912988876e-05
3248757.678575871,3324364.367881379,3286561.023228625,6.699999999999999e-05,9.456038635002856e-06
3324364.367881379,3401730.613310583,3363047.490595981,6.500000000000001e-05,9.24211375534118e-06
3401730.613310583,3480897.364120497,3441313.9887155397,6.200000000000002e-05,7.847504911329031e-06
3480897.364120497,3561906.522559406,3521401.9433399513,6.099999999999999e-05,7.916228058025281e-06
3561906.522559406,3644800.966045405,3603353.744302405,5.7999999999999994e-05,8.351646544245036e-06
3644800.966045405,3729624.5698609445,3687212.7679531747,6.599999999999999e-05,8.416254115301733e-06
3729624.5698609445,3816422.230375679,3773023.400118312,4.4e-05,5.951190357119044e-06
3816422.230375679,3905239.8888096986,3860831.059592689,6.400000000000001e-05,7.852812659593157e-06
3905239.8888096986,3996124.5555498,3950682.222179749,6.500000000000001e-05,7.96345821026686e-06
3996124.5555498,4089124.335031647,4042624.4452907233,6.199999999999999e-05,9.848857801796108e-06
4089124.335031647,4184288.45120108,4136706.3931163633,5.6000000000000006e-05,5.299371031861545e-06
4184288.45120108,4281667.273567809,4232977.862384444,6.599999999999999e-05,8.779711460710619e-06
4281667.273567809,4381312.343865608,4331489.808716709,6.1e-05,7.83687863033916e-06
4381312.343865608,4483276.40333287,4432294.373599239,6.599999999999999e-05,8.098353742170897e-06
4483276.40333287,4587613.420628058,4535444.911980464,5.999999999999998e-05,7.071067811865483e-06
4587613.420628058,4694378.620394898,4640996.020511478,5e-05,6.608075867199668e-06
4694378.620394898,4803628.512492176,4749003.566443536,5.2e-05,3.7969285832981785e-06
4803628.512492176,4915420.921903974,4859524.717198076,5.800000000000001e-05,9.652288157046837e-06
4915420.921903974,5029815.0193458935,4972617.970624934,6.300000000000001e-05,6.390096504226931e-06
5029815.0193458935,5146871.352583557,5088343.185964726,6.5e-05,6.620674688680402e-06
5146871.352583557,5266651.878480087,5206761.615531823,4.8e-05,7.74596669241483e-06
5266651.878480087,5389219.995789183,5327935.937134635,6.4e-05,7.228416147400483e-06
5389219.995789183,5514640.578711601,5451930.287250392,4.6e-05,6.745368781616022e-06
5514640.578711601,5642980.011232456,5578810.294972029,5.999999999999999e-05,6.350852961085884e-06
5642980.011232456,5774306.222257673,5708643.116745064,5.300000000000001e-05,8.088057039033952e-06
5774306.222257673,5908688.721568117,5841497.471912894,5.6999999999999996e-05,7.604823031033222e-06
5908688.721568117,6046198.636610594,5977443.679089355,6.5e-05,9.192388155425119e-06
6046198.636610594,6186908.750144822,6116553.693377707,6.7e-05,8.708233651742089e-06
6186908.750144822,6330893.538766786,6258901.144455804,5.2000000000000004e-05,5.937171043518957e-06
6330893.538766786,6478229.2123285085,6404561.3755476475,5.000000000000001e-05,8.210765291169062e-06
6478229.2123285085,6628993.754275205,6553611.483301857,4.599999999999999e-05,7.023769168568495e-06
6628993.754275205,6783266.962921331,6706130.358598268,7e-05,7.963458210266864e-06
6783266.962921331,6941130.493686954,6862198.728304142,5.600000000000002e-05,8.200609733428353e-06
6941130.493686954,7102667.902317328,7021899.198002141,7.1e-05,8.37655458208604e-06
7102667.902317328,7267964.6891081855,7185316.295712757,5.4999999999999995e-05,7.500000000000003e-06
7267964.6891081855,7437108.344160258,7352536.516634222,8.300000000000001e-05,1.1116804097101529e-05
7437108.344160258,7610188.393686979,7523648.368923618,7.499999999999998e-05,8.995369179009096e-06
7610188.393686979,7787296.447400022,7698742.420543501,6e-05,8.529361054615988e-06
7787296.447400022,7968526.246997313,7877911.347198667,7.6e-05,8.597480251019289e-06
7968526.246997313,8153973.715779785,8061249.981388548,7.099999999999999e-05,8.465616732800196e-06
8153973.715779785,8343737.0094226925,8248855.362601239,6.699999999999999e-05,8.381527307120108e-06
8343737.0094226925,8537916.56792849,8440826.788675591,6.8e-05,9.44281031614353e-06
8537916.56792849,8736615.168788956,8637265.868358724,6.7e-05,6.013872850889572e-06
8736615.168788956,8939937.981384194,8838276.575086575,8.1e-05,9.746794344808968e-06
8939937.981384194,9147992.622647965,9043965.30201608,7.500000000000001e-05,1.0169398540064534e-05
9147992.622647965,9360889.214028344,9254440.918338154,6.8e-05,9.105858919765156e-06
9360889.214028344,9578740.439773986,9469814.826901164,8.599999999999998e-05,9.036961141150653e-06
9578740.439773986,9801661.606576873,9690201.02317543,0.00010200000000000001,9.660917830792956e-06
9801661.606576873,10029770.704603244,9915716.155590057,7.7e-05,7.719024117939608e-06
10029770.704603244,10263188.469944501,10146479.587273873,9.5e-05,1.3826303434637422e-05
10263188.469944501,10502038.44852189,10382613.459233195,9.5e-05,1.0251016209787855e-05
10502038.44852189,10746447.061478201,10624242.755000046,0.00011400000000000003,1.3260216187277381e-05
10746447.061478201,10996543.672091309,10871495.366784755,0.000109,9.40744386111339e-06
10996543.672091309,11252460.654245151,11124502.16316823,0.000117,1.134680571791022e-05
11252460.654245151,11514333.462493785,11383397.058369469,0.00010999999999999999,8.897565210026106e-06
11514333.462493785,11782300.703756422,11648317.083125103,0.00011499999999999999,1.3506171428893785e-05
11782300.703756422,12056504.210680794,11919402.457218608,0.00016499999999999994,1.1496376240653722e-05
12056504.210680794,12337089.116713887,12196796.66369734,0.000219,1.8179658962697854e-05
12337089.116713887,12624203.932919716,12480646.524816802,0.000263,1.6111590031195982e-05
12624203.932919716,12918000.626585105,12771102.279752411,0.00034300000000000004,1.6477257053284073e-05
12918000.626585105,13218634.701654296,13068317.664119702,0.000429,2.2490738834758927e-05
13218634.701654296,13526265.28103598,13372449.991345137,0.000544,2.2173557826083515e-05
13526265.28103598,13841055.190825582,13683660.235930782,0.0006889999999999999,2.002498439450077e-05
13841055.190825582,14163171.04648758,14002113.11865658,0.0005830000000000001,2.2440662497647675e-05
14163171.04648758,14492783.34104381,14327977.193765694,0.0,0.0
14492783.34104381,14830066.535313528,14661424.93817867,0.0,0.0
14830066.535313528,15175199.150254197,15002632.842783863,0.0,0.0
15175199.150254197,15528363.861450952,15351781.505852574,0.0,0.0
15528363.861450952,15889747.595805144,15709055.728628047,0.0,0.0
15889747.595805144,16259541.630473008,16074644.613139076,0.0,0.0
16259541.630473008,16637941.694107192,16448741.6622901,0.0,0.0
16637941.694107192,17025148.070453785,16831544.882280488,0.0,0.0
17025148.070453785,17421365.70436095,17223256.88740737,0.0,0.0
17421365.70436095,17826804.310254347,17624085.00730765,0.0,0.0
17826804.310254347,18241678.483136978,18034241.396695662,0.0,0.0
18241678.483136978,18666207.812172715,18453943.147654846,0.0,0.0
18666207.812172715,19100616.99691242,18883412.404542565,0.0,0.0
19100616.99691242,19545135.966225673,19322876.481569044,0.0,0.0
19545135.966225673,20000000.000000004,19772567.983112838,0.0,0.0
